   1   1 24.01 31.95 35.15 37.77 38.71 40.54 40.56 41.25 42.34 43.04 43.81 44.77 44.46 44.90
   1   2 24.69 31.69 35.49 37.48 38.35 40.49 40.61 41.37 41.83 42.75 44.20 44.84 44.68 44.98
   1   3 23.52 31.60 34.97 37.71 38.74 40.47 40.37 41.22 42.08 42.99 43.82 44.87 44.73 44.68
   1   4 24.26 31.74 35.33 37.77 38.77 40.10 40.16 41.39 42.28 42.88 43.94 44.68 44.92 44.96
   1   5 24.06 31.35 34.88 37.64 38.55 40.59 40.29 41.31 42.06 42.64 43.88 44.90 45.07 45.01
   1   6 24.28 31.32 35.17 37.64 38.49 40.27 40.02 41.11 42.44 43.22 43.63 44.69 45.01 44.83
   1   7 23.81 31.18 35.21 37.83 38.19 40.02 40.67 41.06 42.13 43.03 44.22 45.22 44.76 44.72
   1   8 24.06 30.93 35.04 37.89 38.22 40.55 40.15 41.23 42.30 42.98 44.33 44.62 44.77 44.73
   1   9 24.21 31.15 34.95 38.11 38.80 39.91 39.88 41.31 42.18 43.29 43.85 44.83 44.79 44.55
   1  10 24.66 31.37 35.24 37.61 38.33 40.28 40.09 41.06 42.04 43.20 43.78 44.75 44.84 44.96
   1  11 24.17 30.88 34.76 37.24 38.64 40.49 40.47 41.24 42.15 42.75 44.09 44.70 44.93 44.71
   1  12 24.19 30.90 34.90 37.61 38.39 40.29 40.02 41.22 41.88 43.28 43.74 44.85 44.88 45.00
   1  13 24.39 31.15 34.97 37.28 38.22 40.21 40.23 41.49 41.95 43.07 43.66 45.06 44.63 44.72
   1  14 24.22 31.15 34.58 37.28 38.26 40.41 40.06 41.20 41.69 42.92 44.18 45.21 44.80 44.97
   1  15 24.21 30.78 34.90 37.16 38.52 40.52 40.24 41.22 41.73 42.82 44.26 45.03 44.80 45.11
   1  16 23.82 31.14 34.70 37.29 38.38 40.17 39.94 40.94 41.85 43.05 44.19 44.74 44.85 44.77
   1  17 24.17 31.36 35.11 37.45 37.99 40.30 40.43 40.97 42.12 43.04 43.97 44.94 44.60 45.29
   1  18 24.03 31.01 34.62 37.51 38.76 40.00 40.13 41.07 42.34 42.89 43.96 44.79 44.92 45.14
   1  19 24.46 31.25 34.69 37.78 38.14 40.14 40.07 41.11 42.09 43.56 43.77 44.69 44.84 44.83
   1  20 25.02 30.90 34.09 37.48 38.35 40.35 40.69 40.89 42.06 42.98 43.86 44.79 44.77 44.88
   1  21 24.61 31.13 34.63 37.49 38.39 40.04 40.05 41.21 42.31 42.98 43.99 45.09 44.60 45.03
   1  22 24.36 30.92 35.10 37.70 38.72 40.24 40.42 41.13 42.14 43.08 43.97 44.76 45.04 44.79
   1  23 24.26 31.11 34.99 37.68 38.43 40.38 40.30 41.26 42.15 42.93 44.09 44.67 45.04 44.84
   1  24 23.95 31.32 34.69 37.09 38.64 40.50 40.73 40.84 42.15 43.13 43.89 44.87 44.91 44.64
   1  25 24.02 31.08 34.71 37.74 38.42 40.03 39.99 41.27 42.14 42.80 43.85 44.67 44.65 44.92
   1  26 24.45 31.26 34.34 37.58 38.90 40.28 40.34 41.44 42.08 43.04 44.17 44.52 44.79 44.60
   1  27 23.52 31.27 34.70 36.91 38.80 40.25 40.54 40.82 42.13 43.11 44.12 44.91 45.35 45.08
   1  28 24.59 30.99 34.31 37.30 38.56 40.08 40.15 41.36 41.93 42.71 43.80 44.46 44.90 44.62
   1  29 24.00 30.99 34.49 37.61 38.74 40.29 40.23 41.37 42.08 43.31 44.01 44.83 44.71 44.83
   1  30 24.82 31.29 34.85 37.56 38.51 40.45 40.22 41.26 42.21 43.24 43.73 44.63 44.53 45.08
