   1   1 14.75 29.06 32.98 34.97 37.76 38.21 39.66 39.63 40.20 40.76 41.40 41.77 42.46 42.49
   1   2 14.65 27.24 32.71 34.26 36.87 38.19 38.61 39.51 39.76 41.09 41.60 41.36 42.93 42.58
   1   3 14.81 27.34 32.82 34.55 37.60 38.07 38.80 39.71 39.46 40.87 40.95 41.74 42.18 42.57
   1   4 14.49 27.81 31.95 34.24 36.59 39.15 38.65 39.54 40.16 40.90 41.45 42.03 42.15 42.29
   1   5 14.33 27.42 32.70 34.12 36.77 38.12 38.47 40.12 39.72 41.23 41.12 42.19 42.45 42.48
   1   6 14.59 28.23 32.80 34.39 36.87 37.86 39.47 39.76 39.87 41.50 41.62 42.27 42.74 42.54
   1   7 14.40 28.11 32.34 34.30 36.80 38.33 38.98 39.74 39.78 41.09 41.28 41.88 42.28 42.34
   1   8 14.60 28.43 32.32 35.01 36.98 37.33 39.11 39.81 40.20 41.05 41.50 42.00 42.51 41.78
   1   9 14.77 28.64 32.47 34.80 37.53 37.14 38.65 39.41 40.09 41.36 41.96 41.76 42.62 42.97
   1  10 14.41 27.56 32.56 34.32 37.05 37.57 38.64 39.67 39.93 40.58 41.03 41.95 42.34 42.14
   1  11 14.71 28.67 32.20 33.86 36.90 37.78 38.77 39.80 40.65 41.32 41.55 42.10 42.01 42.17
   1  12 14.27 27.56 31.88 34.55 36.86 37.53 38.64 40.01 40.02 40.71 41.53 42.23 42.32 42.27
   1  13 14.71 28.14 32.84 33.91 37.44 38.58 38.93 39.81 40.42 41.11 41.17 42.17 42.58 42.26
   1  14 14.29 28.72 32.50 34.83 37.28 38.28 38.21 40.07 40.27 40.85 41.59 42.07 42.48 42.21
   1  15 14.77 28.24 32.70 33.98 36.95 38.01 38.43 39.95 39.83 41.24 41.72 41.91 42.47 42.31
   1  16 14.22 28.03 32.25 34.21 37.36 37.87 38.67 39.48 40.28 41.28 40.97 42.30 42.40 42.39
   1  17 14.42 27.86 33.06 34.82 37.17 38.01 38.62 39.82 40.47 41.21 41.52 42.19 42.36 42.11
   1  18 14.51 28.61 33.24 34.96 36.94 37.93 38.74 39.48 40.45 40.79 41.74 42.04 42.45 42.29
   1  19 14.37 28.99 32.59 35.13 36.95 37.59 39.13 39.05 39.99 41.14 41.27 41.97 42.52 42.18
   1  20 14.90 28.46 33.36 35.02 36.52 38.10 38.92 39.74 40.44 40.91 41.06 41.64 42.19 41.61
   1  21 14.87 27.91 32.68 34.34 36.68 37.77 38.67 40.27 39.85 41.10 40.94 41.78 42.21 42.25
   1  22 14.31 28.33 32.20 34.27 37.13 37.58 38.36 39.71 39.73 41.26 41.69 41.62 42.48 42.74
   1  23 14.52 28.29 32.37 34.29 37.22 37.78 38.90 39.80 40.02 41.29 41.70 41.93 42.45 42.35
   1  24 14.34 30.39 33.40 35.27 36.85 38.27 38.73 39.72 40.02 40.60 41.38 41.89 42.20 42.29
   1  25 14.48 28.88 32.98 34.97 37.24 37.60 38.89 39.66 40.35 41.65 41.81 41.86 42.31 41.87
   1  26 14.52 27.97 32.23 34.81 36.88 37.73 38.55 39.95 40.23 41.48 41.41 42.06 42.70 42.15
   1  27 14.53 27.96 32.48 34.13 36.88 37.90 38.66 39.62 40.16 40.96 41.21 41.69 42.56 41.98
   1  28 14.75 28.36 32.25 33.82 37.33 38.17 38.85 39.88 40.51 41.20 41.55 42.30 42.44 42.65
   1  29 14.59 29.16 32.75 34.83 37.84 38.39 39.09 39.22 39.96 40.67 41.30 42.06 42.93 42.34
   1  30 14.35 27.86 32.66 34.36 37.09 38.11 38.49 39.45 39.95 40.98 41.51 42.06 42.39 42.19
