   1   1 17.26 24.81 28.41 30.83 32.16 33.22 34.85 35.77 36.71 37.57 38.24 38.00 39.82 39.39
   1   2 17.24 24.40 28.40 30.98 32.05 33.39 34.64 36.01 36.32 37.48 38.12 38.29 39.52 39.52
   1   3 17.13 24.49 27.96 30.58 31.69 32.91 34.46 35.55 36.53 37.34 38.05 38.19 39.80 39.64
   1   4 17.58 24.59 28.23 30.22 31.69 33.41 34.08 35.90 36.70 37.60 38.51 38.26 39.63 39.61
   1   5 16.85 24.73 28.38 30.87 31.94 33.20 34.54 35.52 36.59 37.66 38.34 38.32 39.56 39.64
   1   6 16.93 24.50 28.12 30.86 31.90 33.27 34.59 35.75 36.42 37.48 38.28 38.29 39.36 39.44
   1   7 16.90 24.43 28.41 30.67 31.88 33.33 34.08 35.47 36.96 37.45 38.46 38.44 39.37 39.32
   1   8 17.02 24.21 28.26 31.10 31.62 33.14 34.77 35.79 36.87 37.53 38.55 38.16 39.49 39.55
   1   9 16.98 24.65 28.41 30.77 31.65 33.30 34.14 35.54 36.65 37.51 38.20 37.99 39.24 39.36
   1  10 17.48 24.53 28.20 30.57 31.67 32.90 34.22 35.75 36.61 37.03 38.05 38.51 39.52 39.14
   1  11 17.53 24.28 28.08 30.69 31.85 33.16 34.61 35.47 36.74 37.20 38.45 38.45 39.58 39.35
   1  12 17.00 24.61 28.40 30.62 31.80 33.39 34.38 35.36 36.00 37.45 38.08 38.40 39.41 39.09
   1  13 17.13 24.82 28.18 30.51 32.26 33.10 34.56 35.73 36.45 37.24 38.16 38.43 39.30 39.62
   1  14 17.11 24.37 28.51 30.36 31.52 33.30 34.49 35.77 36.33 37.37 38.12 38.20 39.41 39.48
   1  15 17.69 24.54 27.91 30.91 31.49 33.53 34.41 35.78 36.56 37.28 38.31 38.24 39.43 39.71
   1  16 17.27 23.97 28.08 30.84 31.96 32.98 34.43 35.58 36.30 37.03 38.30 38.27 39.66 39.58
   1  17 17.23 24.31 28.25 30.58 31.83 33.33 34.56 35.35 36.44 37.19 38.18 38.05 39.66 39.59
   1  18 17.52 24.61 28.17 30.69 31.89 32.99 34.30 35.85 36.62 37.33 38.33 38.31 39.89 39.39
   1  19 17.01 24.16 28.09 30.23 31.85 33.22 33.83 35.65 36.65 37.24 38.14 38.18 39.22 39.20
   1  20 17.33 24.44 28.17 30.81 32.02 33.14 34.16 35.69 36.64 37.39 38.00 38.46 39.44 39.50
   1  21 17.33 24.14 27.89 30.52 32.30 33.17 34.28 35.82 36.45 37.20 37.98 38.38 39.46 39.58
   1  22 16.74 24.55 28.03 30.58 31.78 32.89 34.48 35.77 36.49 37.54 38.46 38.29 39.82 39.41
   1  23 17.09 24.29 28.14 30.84 31.66 33.04 34.35 35.69 36.46 37.31 37.99 38.11 39.49 39.63
   1  24 16.53 24.38 28.05 30.60 31.85 32.78 34.37 35.86 36.61 37.80 38.08 37.93 39.47 39.40
   1  25 16.63 24.41 28.24 30.38 31.90 33.14 34.21 35.87 36.40 37.27 38.18 37.95 39.75 39.08
   1  26 17.01 24.52 28.12 30.43 31.88 32.95 34.31 35.54 36.71 37.37 38.13 38.14 39.41 39.56
   1  27 17.13 24.68 28.55 30.89 31.94 33.14 34.06 35.65 36.36 37.24 38.42 38.11 39.55 39.54
   1  28 17.55 24.52 28.54 30.50 31.72 32.92 34.25 35.70 36.89 37.14 38.27 38.29 39.40 39.62
   1  29 16.99 23.68 28.20 30.72 31.66 33.07 34.36 35.55 36.57 37.38 38.26 38.10 39.61 39.63
   1  30 16.58 24.56 28.14 30.44 32.16 33.42 34.18 35.65 36.46 37.64 38.14 37.96 39.46 39.16
