           1           1   16968852.0       93587152.0      0.771402061    
           1           2   17137360.0       8790710.00      0.763732374    
           1           3   16756081.0       36528608.0      0.781086504    
           1           4   16378144.0       36494132.0      0.798288584    
           1           5   16291012.0       14026806.0      0.802254438    
           1           6   16197695.0       9209077.00      0.806501687    
           1           7   16415417.0       3830519.75      0.796592057    
           1           8   16715597.0       3168022.75      0.782929182    
           1           9   17406538.0       100137576.      0.751480579    
           1          10   18393360.0       2283182.00      0.706564724    
           1          11   20230016.0       4636412.00      0.622968197    
           1          12   21637882.0       3549776.75      0.558888257    
           1          13   22377660.0       67603568.0      0.525216758    
           1          14   22966476.0       6954030.50      0.498416483    
           1          15   23560192.0       9491725.00      0.471393108    
           1          16   23761670.0       3098541.00      0.462222755    
           1          17   23025280.0       15035672.0      0.495739937    
           1          18   22469424.0       7837697.00      0.521040082    
           1          19   21911734.0       61316512.0      0.546423733    
           1          20   21676668.0       1832742.50      0.557122886    
           1          21   21487138.0       2341978.75      0.565749526    
           1          22   21654102.0       5588876.00      0.558149993    
           1          23   21149268.0       6769411.50      0.581127763    
           1          24   20019134.0       39179592.0      0.632566571    
           1          25   19638510.0       9558670.00      0.649890959    
           1          26   19449882.0       6083568.50      0.658476472    
           1          27   19960064.0       15979227.0      0.635255218    
           1          28   20023582.0       28182256.0      0.632364154    
           1          29   19665444.0       110618368.      0.648664951    
           1          30   18704160.0       5724582.00      0.692418396    
