           1           1   495983.219       5164936.00       1382828.62    
           1           2   552682.000       5580759.50       1875872.75    
           1           3   583000.750       5440519.00       3247929.00    
           1           4   607818.625       5370114.00       4864440.00    
           1           5   701917.188       5343901.00       6185452.50    
           1           6   818338.375       5322370.50       6979994.00    
           1           7   850109.125       5287730.00       7462895.50    
           1           8   926587.125       5450421.50       7567181.50    
           1           9   992839.000       5539301.00       7132518.00    
           1          10   1065043.75       5932141.00       6768436.00    
           1          11   1333731.50       6260846.50       7510031.00    
           1          12   1616269.38       6766043.50       8750098.00    
           1          13   1627407.88       7048171.00       8686015.00    
           1          14   1567925.25       7270921.00       8212828.50    
           1          15   1585772.88       7522487.00       8589199.00    
           1          16   1584753.38       7523452.00       9445243.00    
           1          17   1700559.38       7639063.50       9880581.00    
           1          18   1881899.50       7594090.00       9990455.00    
           1          19   1736143.50       7344293.50       10249968.0    
           1          20   1689537.75       7365068.50       10347301.0    
           1          21   1713209.88       7253528.50       10957582.0    
           1          22   1668573.12       7315575.50       9243857.00    
           1          23   1933538.38       7229679.00       9030717.00    
           1          24   2094817.75       6995431.50       8394012.00    
           1          25   1911622.50       6808799.50       7629049.50    
           1          26   1833443.50       6671757.00       7912356.50    
           1          27   1767019.25       6787738.00       8021304.00    
           1          28   1708357.25       6812011.50       8812070.00    
           1          29   1866461.50       6752257.00       9357858.00    
           1          30   1981288.12       6588533.00       7276282.50    
