           1           1   73285.9844       842385.875       156669.625    
           1           2   4741.42139       952468.125       47286.6523    
           1           3   5142.38232       979965.500       50083.1094    
           1           4   5254.51123       931525.812       78613.2578    
           1           5   6152.46094       886469.375       192479.000    
           1           6   6858.02881       863662.875       251005.375    
           1           7   7478.36865       850669.125       291922.156    
           1           8   7890.29883       843507.625       324305.938    
           1           9   8427.76562       862395.500       343193.750    
           1          10   8836.36035       891347.375       342562.250    
           1          11   11095.9551       947107.375       329352.531    
           1          12   90475.3047       991451.062       350434.781    
           1          13   135706.078       1025966.81       379725.844    
           1          14   84996.0000       1071405.38       391031.750    
           1          15   87452.0156       1112836.00       369329.000    
           1          16   67038.6328       1125491.75       387380.188    
           1          17   142253.156       1128136.12       399719.188    
           1          18   273609.875       1119823.00       402807.625    
           1          19   199395.906       1103337.50       389543.094    
           1          20   151378.594       1080985.00       365402.750    
           1          21   164501.969       1067199.88       350789.781    
           1          22   138550.922       1052930.00       356097.844    
           1          23   254357.453       1073791.50       344170.812    
           1          24   464250.312       1059813.12       338847.812    
           1          25   349822.344       1038951.00       327769.469    
           1          26   260948.109       1021080.00       296490.750    
           1          27   217918.000       1007632.19       296810.531    
           1          28   150944.547       1005712.81       298128.281    
           1          29   241944.500       1002541.25       301678.938    
           1          30   407141.781       980041.750       287989.219    
