   1   1 0.020 0.183 0.265 0.314 0.399 0.419 0.466 0.467 0.487 0.511 0.538 0.550 0.582 0.582
   1   2 0.020 0.149 0.258 0.296 0.371 0.416 0.428 0.462 0.471 0.522 0.544 0.531 0.606 0.588
   1   3 0.020 0.146 0.258 0.303 0.398 0.413 0.437 0.470 0.458 0.514 0.516 0.549 0.570 0.586
   1   4 0.019 0.163 0.237 0.294 0.364 0.452 0.430 0.463 0.486 0.515 0.538 0.561 0.565 0.577
   1   5 0.018 0.149 0.258 0.291 0.367 0.412 0.424 0.486 0.469 0.531 0.525 0.569 0.583 0.585
   1   6 0.019 0.167 0.257 0.296 0.368 0.405 0.464 0.472 0.475 0.539 0.550 0.573 0.594 0.589
   1   7 0.018 0.166 0.247 0.299 0.370 0.421 0.444 0.472 0.472 0.520 0.531 0.555 0.575 0.577
   1   8 0.019 0.171 0.248 0.317 0.374 0.384 0.449 0.473 0.489 0.523 0.539 0.559 0.585 0.552
   1   9 0.020 0.175 0.254 0.313 0.392 0.380 0.431 0.459 0.484 0.534 0.559 0.550 0.590 0.605
   1  10 0.019 0.152 0.251 0.297 0.378 0.395 0.430 0.469 0.477 0.501 0.522 0.561 0.578 0.567
   1  11 0.020 0.175 0.244 0.284 0.373 0.403 0.435 0.472 0.508 0.537 0.542 0.567 0.562 0.569
   1  12 0.018 0.155 0.237 0.302 0.371 0.392 0.432 0.484 0.480 0.509 0.540 0.572 0.573 0.575
   1  13 0.020 0.165 0.259 0.287 0.392 0.428 0.439 0.474 0.495 0.522 0.526 0.567 0.587 0.572
   1  14 0.018 0.181 0.252 0.314 0.384 0.418 0.415 0.485 0.491 0.512 0.545 0.563 0.583 0.570
   1  15 0.020 0.166 0.257 0.288 0.374 0.409 0.422 0.481 0.474 0.527 0.549 0.558 0.582 0.574
   1  16 0.018 0.163 0.248 0.296 0.387 0.406 0.432 0.459 0.492 0.533 0.518 0.575 0.577 0.579
   1  17 0.019 0.161 0.266 0.311 0.382 0.412 0.427 0.474 0.498 0.528 0.542 0.571 0.580 0.566
   1  18 0.019 0.172 0.269 0.317 0.374 0.404 0.435 0.460 0.499 0.509 0.550 0.564 0.581 0.574
   1  19 0.018 0.183 0.253 0.320 0.375 0.394 0.449 0.445 0.480 0.525 0.534 0.560 0.586 0.570
   1  20 0.021 0.173 0.273 0.316 0.359 0.412 0.442 0.471 0.499 0.517 0.522 0.544 0.569 0.545
   1  21 0.021 0.162 0.256 0.297 0.364 0.399 0.435 0.489 0.475 0.521 0.517 0.552 0.572 0.574
   1  22 0.018 0.172 0.244 0.295 0.382 0.394 0.422 0.468 0.469 0.532 0.549 0.545 0.582 0.595
   1  23 0.019 0.166 0.248 0.293 0.384 0.400 0.443 0.472 0.483 0.530 0.548 0.557 0.581 0.575
   1  24 0.018 0.208 0.273 0.324 0.370 0.419 0.431 0.470 0.485 0.504 0.535 0.556 0.571 0.573
   1  25 0.019 0.179 0.266 0.315 0.384 0.396 0.442 0.466 0.496 0.547 0.552 0.556 0.573 0.555
   1  26 0.019 0.158 0.245 0.311 0.372 0.399 0.426 0.480 0.489 0.542 0.537 0.567 0.591 0.567
   1  27 0.019 0.164 0.252 0.291 0.373 0.406 0.431 0.466 0.485 0.519 0.528 0.547 0.588 0.560
   1  28 0.020 0.171 0.248 0.286 0.387 0.415 0.438 0.478 0.499 0.530 0.543 0.574 0.581 0.587
   1  29 0.019 0.183 0.257 0.311 0.405 0.422 0.446 0.450 0.481 0.507 0.533 0.565 0.601 0.576
   1  30 0.018 0.159 0.255 0.296 0.377 0.411 0.424 0.460 0.481 0.517 0.540 0.566 0.577 0.569
