   1   1 0.027 0.078 0.118 0.152 0.172 0.191 0.221 0.238 0.258 0.277 0.292 0.287 0.332 0.320
   1   2 0.027 0.075 0.118 0.154 0.171 0.194 0.217 0.244 0.250 0.275 0.289 0.294 0.324 0.323
   1   3 0.026 0.075 0.112 0.148 0.165 0.186 0.213 0.234 0.255 0.272 0.288 0.292 0.331 0.327
   1   4 0.029 0.077 0.116 0.143 0.165 0.194 0.206 0.241 0.258 0.278 0.299 0.293 0.327 0.326
   1   5 0.025 0.078 0.118 0.152 0.169 0.190 0.215 0.234 0.256 0.279 0.295 0.295 0.325 0.326
   1   6 0.025 0.076 0.115 0.152 0.168 0.191 0.216 0.238 0.252 0.275 0.293 0.294 0.319 0.321
   1   7 0.025 0.075 0.118 0.149 0.168 0.193 0.206 0.233 0.264 0.274 0.298 0.297 0.320 0.318
   1   8 0.026 0.073 0.117 0.156 0.164 0.189 0.220 0.240 0.262 0.277 0.300 0.292 0.323 0.325
   1   9 0.025 0.077 0.118 0.151 0.164 0.192 0.207 0.233 0.257 0.276 0.292 0.287 0.316 0.319
   1  10 0.028 0.076 0.116 0.148 0.165 0.185 0.209 0.238 0.256 0.265 0.288 0.299 0.323 0.314
   1  11 0.028 0.074 0.114 0.150 0.167 0.190 0.216 0.232 0.259 0.269 0.298 0.298 0.325 0.319
   1  12 0.026 0.077 0.119 0.148 0.167 0.194 0.212 0.230 0.243 0.274 0.288 0.296 0.320 0.313
   1  13 0.026 0.079 0.115 0.147 0.174 0.188 0.215 0.238 0.253 0.270 0.290 0.297 0.318 0.326
   1  14 0.027 0.075 0.119 0.144 0.162 0.192 0.213 0.239 0.250 0.273 0.289 0.292 0.321 0.323
   1  15 0.030 0.076 0.112 0.153 0.162 0.195 0.212 0.239 0.255 0.270 0.294 0.292 0.321 0.329
   1  16 0.027 0.071 0.115 0.152 0.169 0.187 0.213 0.235 0.249 0.265 0.294 0.294 0.327 0.325
   1  17 0.027 0.074 0.116 0.148 0.167 0.192 0.215 0.230 0.253 0.269 0.291 0.288 0.327 0.326
   1  18 0.028 0.077 0.116 0.150 0.168 0.187 0.210 0.240 0.256 0.272 0.295 0.294 0.334 0.320
   1  19 0.025 0.072 0.115 0.143 0.167 0.191 0.201 0.237 0.257 0.269 0.290 0.291 0.317 0.316
   1  20 0.028 0.075 0.115 0.152 0.171 0.189 0.207 0.237 0.256 0.273 0.287 0.299 0.322 0.323
   1  21 0.027 0.072 0.112 0.147 0.175 0.189 0.210 0.239 0.252 0.269 0.286 0.296 0.322 0.325
   1  22 0.024 0.076 0.113 0.148 0.166 0.184 0.213 0.239 0.253 0.277 0.298 0.294 0.332 0.321
   1  23 0.026 0.074 0.115 0.152 0.164 0.187 0.211 0.237 0.253 0.272 0.287 0.289 0.323 0.326
   1  24 0.023 0.074 0.114 0.148 0.167 0.182 0.211 0.241 0.257 0.282 0.289 0.285 0.322 0.320
   1  25 0.024 0.075 0.116 0.145 0.168 0.190 0.208 0.241 0.252 0.270 0.291 0.285 0.330 0.313
   1  26 0.025 0.076 0.114 0.146 0.169 0.186 0.210 0.234 0.258 0.273 0.291 0.290 0.321 0.325
   1  27 0.026 0.077 0.120 0.152 0.169 0.189 0.205 0.236 0.251 0.270 0.297 0.290 0.325 0.324
   1  28 0.028 0.075 0.121 0.146 0.166 0.185 0.209 0.237 0.263 0.268 0.293 0.294 0.321 0.326
   1  29 0.025 0.068 0.115 0.150 0.165 0.187 0.211 0.234 0.255 0.273 0.294 0.289 0.326 0.326
   1  30 0.024 0.076 0.115 0.146 0.172 0.194 0.208 0.237 0.253 0.279 0.290 0.286 0.322 0.315
