   1   1 0.112 0.264 0.357 0.451 0.489 0.567 0.568 0.599 0.651 0.687 0.727 0.780 0.762 0.787
   1   2 0.121 0.257 0.369 0.440 0.474 0.565 0.570 0.605 0.626 0.672 0.749 0.784 0.776 0.790
   1   3 0.102 0.255 0.351 0.448 0.489 0.564 0.559 0.598 0.641 0.684 0.728 0.786 0.778 0.774
   1   4 0.115 0.258 0.365 0.451 0.492 0.547 0.550 0.607 0.650 0.678 0.734 0.776 0.789 0.790
   1   5 0.113 0.248 0.350 0.445 0.482 0.569 0.556 0.601 0.637 0.666 0.732 0.787 0.796 0.794
   1   6 0.116 0.249 0.358 0.446 0.480 0.555 0.544 0.593 0.658 0.697 0.719 0.775 0.795 0.784
   1   7 0.109 0.244 0.361 0.454 0.468 0.543 0.572 0.589 0.641 0.687 0.750 0.807 0.779 0.778
   1   8 0.111 0.237 0.354 0.457 0.468 0.568 0.549 0.599 0.650 0.684 0.756 0.771 0.780 0.777
   1   9 0.114 0.243 0.352 0.465 0.493 0.538 0.537 0.602 0.643 0.701 0.730 0.784 0.781 0.767
   1  10 0.120 0.250 0.361 0.445 0.472 0.554 0.546 0.589 0.636 0.696 0.726 0.779 0.784 0.790
   1  11 0.115 0.236 0.345 0.431 0.485 0.566 0.564 0.599 0.642 0.671 0.744 0.776 0.790 0.777
   1  12 0.116 0.237 0.351 0.445 0.476 0.557 0.543 0.597 0.629 0.700 0.724 0.785 0.787 0.793
   1  13 0.117 0.243 0.353 0.433 0.470 0.551 0.553 0.611 0.632 0.689 0.719 0.798 0.771 0.776
   1  14 0.114 0.244 0.342 0.432 0.470 0.560 0.546 0.597 0.619 0.681 0.747 0.805 0.782 0.792
   1  15 0.114 0.234 0.350 0.427 0.481 0.567 0.553 0.598 0.622 0.675 0.754 0.794 0.781 0.801
   1  16 0.108 0.243 0.343 0.433 0.476 0.551 0.540 0.585 0.627 0.687 0.750 0.778 0.785 0.781
   1  17 0.116 0.248 0.357 0.439 0.459 0.555 0.562 0.585 0.641 0.687 0.736 0.790 0.771 0.811
   1  18 0.110 0.239 0.341 0.441 0.491 0.543 0.549 0.592 0.653 0.678 0.735 0.781 0.789 0.803
   1  19 0.117 0.246 0.343 0.453 0.465 0.548 0.545 0.592 0.640 0.715 0.725 0.775 0.784 0.785
   1  20 0.127 0.236 0.325 0.442 0.474 0.558 0.573 0.582 0.637 0.686 0.730 0.782 0.780 0.788
   1  21 0.120 0.244 0.341 0.440 0.477 0.544 0.545 0.598 0.651 0.685 0.737 0.798 0.771 0.795
   1  22 0.114 0.237 0.356 0.448 0.488 0.554 0.562 0.593 0.643 0.690 0.735 0.779 0.797 0.781
   1  23 0.121 0.242 0.353 0.448 0.477 0.559 0.556 0.598 0.642 0.682 0.742 0.774 0.796 0.784
   1  24 0.111 0.248 0.343 0.426 0.486 0.564 0.576 0.580 0.643 0.692 0.732 0.787 0.788 0.772
   1  25 0.113 0.241 0.345 0.450 0.477 0.544 0.542 0.600 0.643 0.675 0.729 0.775 0.772 0.788
   1  26 0.117 0.245 0.332 0.445 0.496 0.554 0.558 0.609 0.639 0.686 0.748 0.766 0.782 0.770
   1  27 0.104 0.246 0.344 0.420 0.491 0.553 0.567 0.579 0.642 0.690 0.746 0.788 0.815 0.798
   1  28 0.121 0.240 0.331 0.433 0.483 0.546 0.550 0.606 0.632 0.670 0.727 0.763 0.789 0.772
   1  29 0.109 0.239 0.337 0.446 0.490 0.556 0.553 0.605 0.638 0.701 0.739 0.784 0.776 0.783
   1  30 0.123 0.246 0.349 0.445 0.481 0.563 0.553 0.601 0.645 0.699 0.723 0.771 0.767 0.798
