# biobyage - specification of functions for maturity, mortality, and selection
# col_1: species
# col_2: function type (1=maturity,2=mortality,3=selection)
# col_3: index for the option being specified
# col_4: code or values
1 1 1 1 Code for value types: 1=parametric using bioinn.txt, 2=non-parametric based on age, 3=nonparametric based on length
1 1 2 1 Code for time variation (nonparametric only):  1=Fixed (only using year 1), 2=resample from years below
1 1 3 1 Number of age patterns (years) to use (nonparametric only)
1 2 1 1 
1 2 2 1 
1 2 3 1 
1 3 1 1 
1 3 2 1 
1 3 3 1 
2 1 1 1 
2 1 2 1 
2 1 3 1 
2 2 1 1 
2 2 2 1 
2 2 3 1 
2 3 1 1 
2 3 2 1 
2 3 3 1 
3 1 1 1 
3 1 2 1 
3 1 3 1 
3 2 1 1 
3 2 2 1 
3 2 3 1 
3 3 1 1 
3 3 2 1 
3 3 3 1 
#
# Species,function,year,age,mean length,value
# Blue whiting
1 1 1 1 -999 0.11
1 1 1 2 -999 0.4
1 1 1 3 -999 0.81
1 1 1 4 -999 0.86
1 1 1 5 -999 0.91
1 1 1 6 -999 0.94
1 1 1 7 -999 1
1 1 1 8 -999 1
1 1 1 9 -999 1
1 1 1 10 -999 1
1 1 1 11 -999 1
1 1 1 12 -999 1
1 1 1 13 -999 1
1 1 1 14 -999 1
1 2 1 1 -999 0.2
1 2 1 2 -999 0.2
1 2 1 3 -999 0.2
1 2 1 4 -999 0.2
1 2 1 5 -999 0.2
1 2 1 6 -999 0.2
1 2 1 7 -999 0.2
1 2 1 8 -999 0.2
1 2 1 9 -999 0.2
1 2 1 10 -999 0.2
1 2 1 11 -999 0.2
1 2 1 12 -999 0.2
1 2 1 13 -999 0.2
1 2 1 14 -999 0.2
1 3 1 1 18.297 0.065
1 3 1 2 22.681 0.118
1 3 1 3 25.059 0.317
1 3 1 4 27.291 0.533
1 3 1 5 29.132 0.737
1 3 1 6 30.621 0.857
1 3 1 7 32.847 0.951
1 3 1 8 33.308 1
1 3 1 9 34.434 0.988
1 3 1 10 34.452 0.986
1 3 1 11 34.452 0.986
1 3 1 12 35.025 0.986
1 3 1 13 35.243 0.986
1 3 1 14 35.243 0.986
# Mackerel
2 1 1 1 -999 0.09
2 1 1 2 -999 0.43
2 1 1 3 -999 0.87
2 1 1 4 -999 1
2 1 1 5 -999 1
2 1 1 6 -999 1
2 1 1 7 -999 1
2 1 1 8 -999 1
2 1 1 9 -999 1
2 1 1 10 -999 1
2 1 1 11 -999 1
2 1 1 12 -999 1
2 1 1 13 -999 1
2 1 1 14 -999 1
2 2 1 1 -999 0.15
2 2 1 2 -999 0.15
2 2 1 3 -999 0.15
2 2 1 4 -999 0.15
2 2 1 5 -999 0.15
2 2 1 6 -999 0.15
2 2 1 7 -999 0.15
2 2 1 8 -999 0.15
2 2 1 9 -999 0.15
2 2 1 10 -999 0.15
2 2 1 11 -999 0.15
2 2 1 12 -999 0.15
2 2 1 13 -999 0.15
2 2 1 14 -999 0.15
2 3 1 1 21.724 0.038
2 3 1 2 29.222 0.145
2 3 1 3 31.706 0.328
2 3 1 4 32.918 0.585
2 3 1 5 33.924 0.803
2 3 1 6 34.897 0.96
2 3 1 7 35.718 0.993
2 3 1 8 36.591 0.991
2 3 1 9 37.154 0.99
2 3 1 10 37.624 0.987
2 3 1 11 37.997 0.985
2 3 1 12 38.68 0.984
2 3 1 13 39.086 0.984
2 3 1 14 40.086 0.984
# Herring
3 1 1 1 -999 0
3 1 1 2 -999 0
3 1 1 3 -999 0
3 1 1 4 -999 0.4
3 1 1 5 -999 0.8
3 1 1 6 -999 1
3 1 1 7 -999 1
3 1 1 8 -999 1
3 1 1 9 -999 1
3 1 1 10 -999 1
3 1 1 11 -999 1
3 1 1 12 -999 1
3 1 1 13 -999 1
3 1 1 14 -999 1
3 2 1 1 -999 0.9
3 2 1 2 -999 0.9
3 2 1 3 -999 0.15
3 2 1 4 -999 0.15
3 2 1 5 -999 0.15
3 2 1 6 -999 0.15
3 2 1 7 -999 0.15
3 2 1 8 -999 0.15
3 2 1 9 -999 0.15
3 2 1 10 -999 0.15
3 2 1 11 -999 0.15
3 2 1 12 -999 0.15
3 2 1 13 -999 0.15
3 2 1 14 -999 0.15
3 3 1 1 17.53 0
3 3 1 2 22.307 0.034
3 3 1 3 23.797 0.068
3 3 1 4 28.071 0.145
3 3 1 5 30.341 0.366
3 3 1 6 31.423 0.498
3 3 1 7 32.374 0.585
3 3 1 8 33.166 0.755
3 3 1 9 33.809 0.902
3 3 1 10 34.446 0.947
3 3 1 11 34.796 0.963
3 3 1 12 35.114 0.979
3 3 1 13 35.63 1
3 3 1 14 35.861 1
