#Environmental files, SPG for blue whiting and AMO for herring
#species, year, index
1 1 0.0985
1 2 0.0823
1 3 -0.0712
1 4 -0.1666
1 5 -0.0937
1 6 -0.0975
1 7 -0.0671
1 8 -0.0562
1 9 -0.1466
1 10 -0.2045
1 11 -0.2505
1 12 -0.2228
1 13 -0.2639
1 14 -0.2556
1 15 -0.1513
1 16 0.0551
1 17 0.1175
1 18 0.1388
1 19 0.0991
1 20 0.0937
1 21 0.1487
1 22 0.2088
1 23 0.2998
1 24 0.2686
1 25 0.2536
1 26 0.3018
1 27 0.3031
1 28 0.262
1 29 0.3207
1 30 0.262
1 31 0.2536
1 32 0.1487
1 33 0.0991
1 34 0.0985
1 35 0.0823
1 36 -0.0712
1 37 -0.1666
1 38 -0.0937
1 39 -0.0975
1 40 -0.0671
1 41 -0.0562
1 42 -0.1466
1 43 -0.2045
1 44 -0.2505
1 45 -0.2228
1 46 -0.2639
1 47 -0.2556
1 48 -0.1513
1 49 0.0551
1 50 0.1175
1 51 0.0985
1 52 0.0823
1 53 -0.0712
1 54 -0.1666
1 55 -0.0937
1 56 -0.0975
1 57 -0.0671
1 58 -0.0562
1 59 -0.1466
1 60 -0.2045
1 61 -0.2505
1 62 -0.2228
1 63 -0.2639
1 64 -0.2556
1 65 -0.1513
1 66 0.0551
1 67 0.1175
1 68 0.1388
1 69 0.0991
1 70 0.0937
1 71 0.1487
1 72 0.2088
1 73 0.2998
1 74 0.2686
1 75 0.2536
1 76 0.3018
1 77 0.3031
1 78 0.262
1 79 0.3207
1 80 0.262
1 81 0.2536
1 82 0.1487
1 83 0.0991
1 84 0.0985
1 85 0.0823
1 86 -0.0712
1 87 -0.1666
1 88 -0.0937
1 89 -0.0975
1 90 -0.0671
1 91 -0.0562
1 92 -0.1466
1 93 -0.2045
1 94 -0.2505
1 95 -0.2228
1 96 -0.2639
1 97 -0.2556
1 98 -0.1513
1 99 0.0551
1 100 0.1175
2 1 21.4129
2 2 21.4135
2 3 21.1239
2 4 21.3676
2 5 21.1914
2 6 21.1137
2 7 21.0586
2 8 21.5262
2 9 21.4398
2 10 21.3635
2 11 21.4135
2 12 21.2553
2 13 21.1955
2 14 21.2362
2 15 21.243
2 16 21.6399
2 17 21.5081
2 18 21.6111
2 19 21.8866
2 20 21.6764
2 21 21.5521
2 22 21.6839
2 23 21.5859
2 24 21.7689
2 25 21.7654
2 26 21.8922
2 27 21.8777
2 28 21.728
2 29 21.8034
2 30 21.6123
2 31 21.4129
2 32 21.4135
2 33 21.1239
2 34 21.3676
2 35 21.1914
2 36 21.1137
2 37 21.0586
2 38 21.5262
2 39 21.4398
2 40 21.3635
2 41 21.4135
2 42 21.2553
2 43 21.1955
2 44 21.2362
2 45 21.243
2 46 21.6399
2 47 21.5081
2 48 21.6111
2 49 21.8866
2 50 21.6764
2 51 21.4129
2 52 21.4135
2 53 21.1239
2 54 21.3676
2 55 21.1914
2 56 21.1137
2 57 21.0586
2 58 21.5262
2 59 21.4398
2 60 21.3635
2 61 21.4135
2 62 21.2553
2 63 21.1955
2 64 21.2362
2 65 21.243
2 66 21.6399
2 67 21.5081
2 68 21.6111
2 69 21.8866
2 70 21.6764
2 71 21.5521
2 72 21.6839
2 73 21.5859
2 74 21.7689
2 75 21.7654
2 76 21.8922
2 77 21.8777
2 78 21.728
2 79 21.8034
2 80 21.6123
2 81 21.4129
2 82 21.4135
2 83 21.1239
2 84 21.3676
2 85 21.1914
2 86 21.1137
2 87 21.0586
2 88 21.5262
2 89 21.4398
2 90 21.3635
2 91 21.4135
2 92 21.2553
2 93 21.1955
2 94 21.2362
2 95 21.243
2 96 21.6399
2 97 21.5081
2 98 21.6111
2 99 21.8866
2 100 21.6764